[[11, 14, 12, 15], [15, 19, 16, 18], [21, 17, 22, 16], [17, 23, 18, 22], [19, 12, 20, 13], [13, 20, 14, 21], [23, 28, 24, 29], [37, 59, 38, 58], [57, 37, 58, 36], [50, 39, 51, 40], [51, 33, 52, 32], [49, 25, 50, 24], [44, 30, 45, 29], [40, 32, 41, 31], [33, 39, 34, 38], [34, 25, 35, 26], [27, 49, 28, 48], [26, 35, 27, 36], [55, 46, 56, 47], [41, 52, 42, 53], [59, 57, 60, 56], [45, 54, 46, 55], [60, 48, 61, 47], [53, 42, 54, 43], [30, 44, 31, 43], [61, 4, 0, 5], [5, 10, 6, 11], [3, 7, 4, 6], [7, 3, 8, 2], [1, 9, 2, 8], [9, 1, 10, 0]]
[[11, 14, 12, 15], [15, 19, 16, 18], [21, 17, 22, 16], [17, 23, 18, 22], [19, 12, 20, 13], [13, 20, 14, 21], [23, 28, 24, 29], [37, 59, 38, 58], [56, 36, 57, 35], [51, 38, 52, 39], [47, 37, 48, 36], [50, 26, 51, 25], [44, 30, 45, 29], [40, 32, 41, 31], [32, 40, 33, 39], [33, 24, 34, 25], [26, 50, 27, 49], [27, 34, 28, 35], [57, 48, 58, 49], [41, 52, 42, 53], [59, 55, 60, 54], [46, 55, 47, 56], [60, 46, 61, 45], [53, 42, 54, 43], [30, 44, 31, 43], [61, 6, 62, 7], [7, 62, 8, 63], [1, 9, 2, 8], [9, 3, 10, 2], [63, 10, 64, 11], [5, 65, 6, 64], [65, 5, 0, 4], [3, 1, 4, 0]]
[[15, 18, 16, 19], [19, 23, 20, 22], [25, 21, 26, 20], [21, 27, 22, 26], [23, 16, 24, 17], [17, 24, 18, 25], [27, 32, 28, 33], [41, 63, 42, 62], [61, 41, 62, 40], [54, 43, 55, 44], [56, 36, 57, 35], [53, 29, 54, 28], [48, 34, 49, 33], [45, 37, 46, 36], [37, 43, 38, 42], [38, 29, 39, 30], [31, 53, 32, 52], [30, 39, 31, 40], [60, 51, 61, 52], [44, 55, 45, 56], [64, 60, 65, 59], [49, 58, 50, 59], [63, 51, 64, 50], [57, 46, 58, 47], [34, 48, 35, 47], [65, 3, 66, 2], [3, 9, 4, 8], [13, 4, 14, 5], [5, 12, 6, 13], [67, 6, 0, 7], [7, 66, 8, 67], [9, 15, 10, 14], [1, 10, 2, 11], [11, 0, 12, 1]]
[[3, 6, 4, 7], [7, 11, 8, 10], [13, 9, 14, 8], [9, 15, 10, 14], [11, 4, 12, 5], [5, 12, 6, 13], [15, 20, 16, 21], [29, 51, 30, 50], [49, 29, 50, 28], [42, 31, 43, 32], [43, 25, 44, 24], [41, 17, 42, 16], [36, 22, 37, 21], [32, 24, 33, 23], [25, 31, 26, 30], [26, 17, 27, 18], [19, 41, 20, 40], [18, 27, 19, 28], [48, 39, 49, 40], [33, 44, 34, 45], [52, 48, 53, 47], [37, 46, 38, 47], [51, 39, 52, 38], [45, 34, 46, 35], [22, 36, 23, 35], [54, 59, 55, 60], [61, 2, 62, 3], [1, 62, 2, 63], [56, 64, 57, 63], [64, 56, 65, 55], [53, 67, 54, 66], [60, 65, 61, 66], [67, 58, 0, 59], [57, 0, 58, 1]]
[[19, 22, 20, 23], [23, 27, 24, 26], [29, 25, 30, 24], [25, 31, 26, 30], [27, 20, 28, 21], [21, 28, 22, 29], [31, 36, 32, 37], [45, 67, 46, 66], [65, 45, 66, 44], [58, 47, 59, 48], [60, 40, 61, 39], [57, 33, 58, 32], [52, 38, 53, 37], [49, 41, 50, 40], [41, 47, 42, 46], [42, 33, 43, 34], [35, 57, 36, 56], [34, 43, 35, 44], [64, 55, 65, 56], [48, 59, 49, 60], [68, 64, 69, 63], [53, 62, 54, 63], [67, 55, 68, 54], [61, 50, 62, 51], [38, 52, 39, 51], [69, 4, 0, 5], [5, 18, 6, 19], [17, 6, 18, 7], [7, 16, 8, 17], [15, 8, 16, 9], [9, 14, 10, 15], [3, 11, 4, 10], [11, 3, 12, 2], [1, 13, 2, 12], [13, 1, 14, 0]]
[[1, 4, 2, 5], [5, 9, 6, 8], [11, 7, 12, 6], [7, 13, 8, 12], [9, 2, 10, 3], [3, 10, 4, 11], [13, 18, 14, 19], [27, 49, 28, 48], [47, 27, 48, 26], [40, 29, 41, 30], [43, 23, 44, 22], [39, 15, 40, 14], [34, 20, 35, 19], [32, 22, 33, 21], [23, 29, 24, 28], [24, 15, 25, 16], [17, 39, 18, 38], [16, 25, 17, 26], [45, 36, 46, 37], [30, 41, 31, 42], [49, 47, 50, 46], [35, 44, 36, 45], [50, 38, 51, 37], [42, 31, 43, 32], [20, 34, 21, 33], [51, 58, 52, 59], [59, 52, 60, 53], [53, 60, 54, 61], [65, 55, 0, 54], [55, 63, 56, 62], [63, 57, 64, 56], [57, 65, 58, 64], [61, 0, 62, 1]]
[[7, 10, 8, 11], [11, 15, 12, 14], [17, 13, 18, 12], [13, 19, 14, 18], [15, 8, 16, 9], [9, 16, 10, 17], [19, 24, 20, 25], [33, 55, 34, 54], [53, 33, 54, 32], [47, 34, 48, 35], [45, 31, 46, 30], [46, 22, 47, 21], [40, 26, 41, 25], [36, 28, 37, 27], [28, 36, 29, 35], [29, 20, 30, 21], [23, 45, 24, 44], [22, 31, 23, 32], [51, 42, 52, 43], [37, 48, 38, 49], [55, 53, 56, 52], [41, 50, 42, 51], [56, 44, 57, 43], [49, 38, 50, 39], [26, 40, 27, 39], [57, 62, 58, 63], [58, 1, 59, 2], [64, 59, 65, 60], [3, 60, 4, 61], [61, 6, 62, 7], [2, 64, 3, 63], [65, 5, 0, 4], [5, 1, 6, 0]]
[[7, 10, 8, 11], [11, 15, 12, 14], [17, 13, 18, 12], [13, 19, 14, 18], [15, 8, 16, 9], [9, 16, 10, 17], [19, 24, 20, 25], [33, 55, 34, 54], [53, 33, 54, 32], [47, 34, 48, 35], [46, 32, 47, 31], [45, 23, 46, 22], [40, 26, 41, 25], [36, 28, 37, 27], [28, 36, 29, 35], [29, 20, 30, 21], [23, 45, 24, 44], [21, 30, 22, 31], [52, 43, 53, 44], [37, 48, 38, 49], [56, 52, 57, 51], [41, 50, 42, 51], [55, 43, 56, 42], [49, 38, 50, 39], [26, 40, 27, 39], [57, 64, 58, 65], [65, 58, 66, 59], [59, 2, 60, 3], [1, 60, 2, 61], [61, 5, 62, 4], [5, 63, 6, 62], [63, 66, 64, 67], [67, 7, 0, 6], [3, 1, 4, 0]]
[[11, 14, 12, 15], [15, 19, 16, 18], [21, 17, 22, 16], [17, 23, 18, 22], [19, 12, 20, 13], [13, 20, 14, 21], [23, 28, 24, 29], [37, 59, 38, 58], [57, 37, 58, 36], [50, 39, 51, 40], [51, 33, 52, 32], [49, 25, 50, 24], [44, 30, 45, 29], [40, 32, 41, 31], [33, 39, 34, 38], [34, 25, 35, 26], [27, 49, 28, 48], [26, 35, 27, 36], [55, 46, 56, 47], [41, 52, 42, 53], [59, 57, 60, 56], [45, 54, 46, 55], [60, 48, 61, 47], [53, 42, 54, 43], [30, 44, 31, 43], [61, 5, 62, 4], [5, 63, 6, 62], [63, 7, 64, 6], [3, 65, 4, 64], [65, 3, 66, 2], [1, 67, 2, 66], [67, 8, 68, 9], [9, 68, 10, 69], [69, 10, 0, 11], [7, 0, 8, 1]]
[[7, 10, 8, 11], [11, 15, 12, 14], [17, 13, 18, 12], [13, 19, 14, 18], [15, 8, 16, 9], [9, 16, 10, 17], [19, 24, 20, 25], [33, 55, 34, 54], [53, 33, 54, 32], [47, 34, 48, 35], [45, 31, 46, 30], [46, 22, 47, 21], [40, 26, 41, 25], [36, 28, 37, 27], [28, 36, 29, 35], [29, 20, 30, 21], [23, 45, 24, 44], [22, 31, 23, 32], [51, 42, 52, 43], [37, 48, 38, 49], [55, 53, 56, 52], [41, 50, 42, 51], [56, 44, 57, 43], [49, 38, 50, 39], [26, 40, 27, 39], [57, 3, 58, 2], [3, 7, 4, 6], [67, 5, 68, 4], [5, 69, 6, 68], [63, 58, 64, 59], [59, 64, 60, 65], [69, 61, 0, 60], [61, 67, 62, 66], [1, 62, 2, 63], [65, 0, 66, 1]]
[[11, 23, 12, 22], [23, 15, 24, 14], [15, 25, 16, 24], [19, 13, 20, 12], [13, 19, 14, 18], [21, 16, 22, 17], [17, 20, 18, 21], [25, 28, 26, 29], [31, 26, 32, 27], [27, 32, 28, 33], [29, 37, 30, 36], [37, 31, 38, 30], [38, 33, 39, 34], [34, 41, 35, 42], [42, 35, 43, 36], [44, 39, 45, 40], [40, 43, 41, 44], [45, 4, 0, 5], [5, 10, 6, 11], [3, 7, 4, 6], [7, 3, 8, 2], [1, 9, 2, 8], [9, 1, 10, 0]]
[[11, 23, 12, 22], [23, 16, 24, 17], [15, 24, 16, 25], [17, 13, 18, 12], [13, 20, 14, 21], [19, 14, 20, 15], [21, 19, 22, 18], [25, 28, 26, 29], [31, 26, 32, 27], [27, 32, 28, 33], [29, 37, 30, 36], [37, 31, 38, 30], [38, 33, 39, 34], [34, 44, 35, 43], [42, 36, 43, 35], [46, 39, 47, 40], [40, 45, 41, 46], [44, 41, 45, 42], [47, 4, 0, 5], [5, 10, 6, 11], [3, 7, 4, 6], [7, 3, 8, 2], [1, 9, 2, 8], [9, 1, 10, 0]]
[[11, 23, 12, 22], [23, 16, 24, 17], [15, 24, 16, 25], [17, 13, 18, 12], [13, 20, 14, 21], [19, 14, 20, 15], [21, 19, 22, 18], [25, 45, 26, 44], [45, 29, 46, 28], [29, 47, 30, 46], [33, 26, 34, 27], [27, 34, 28, 35], [30, 36, 31, 35], [40, 31, 41, 32], [32, 39, 33, 40], [36, 44, 37, 43], [42, 38, 43, 37], [38, 42, 39, 41], [47, 4, 0, 5], [5, 10, 6, 11], [3, 7, 4, 6], [7, 3, 8, 2], [1, 9, 2, 8], [9, 1, 10, 0]]
[[11, 23, 12, 22], [23, 19, 24, 18], [13, 24, 14, 25], [25, 14, 26, 15], [19, 27, 20, 26], [17, 12, 18, 13], [15, 20, 16, 21], [21, 16, 22, 17], [27, 30, 28, 31], [37, 28, 38, 29], [29, 38, 30, 39], [31, 43, 32, 42], [46, 34, 47, 33], [41, 33, 42, 32], [35, 41, 36, 40], [34, 46, 35, 45], [43, 37, 44, 36], [39, 45, 40, 44], [47, 4, 0, 5], [5, 10, 6, 11], [3, 7, 4, 6], [7, 3, 8, 2], [1, 9, 2, 8], [9, 1, 10, 0]]
[[11, 23, 12, 22], [23, 18, 24, 19], [13, 24, 14, 25], [25, 14, 26, 15], [17, 26, 18, 27], [19, 13, 20, 12], [15, 21, 16, 20], [21, 17, 22, 16], [27, 30, 28, 31], [33, 28, 34, 29], [29, 34, 30, 35], [40, 32, 41, 31], [32, 40, 33, 39], [42, 36, 43, 35], [36, 45, 37, 46], [44, 37, 45, 38], [38, 48, 39, 47], [48, 42, 49, 41], [46, 44, 47, 43], [49, 4, 0, 5], [5, 10, 6, 11], [3, 7, 4, 6], [7, 3, 8, 2], [1, 9, 2, 8], [9, 1, 10, 0]]
[[11, 23, 12, 22], [23, 18, 24, 19], [13, 24, 14, 25], [25, 14, 26, 15], [17, 26, 18, 27], [19, 13, 20, 12], [15, 21, 16, 20], [21, 17, 22, 16], [27, 47, 28, 46], [47, 31, 48, 30], [31, 49, 32, 48], [28, 37, 29, 38], [36, 29, 37, 30], [32, 39, 33, 40], [42, 34, 43, 33], [34, 42, 35, 41], [44, 35, 45, 36], [38, 45, 39, 46], [40, 43, 41, 44], [49, 4, 0, 5], [5, 10, 6, 11], [3, 7, 4, 6], [7, 3, 8, 2], [1, 9, 2, 8], [9, 1, 10, 0]]
[[11, 23, 12, 22], [23, 19, 24, 18], [13, 24, 14, 25], [25, 14, 26, 15], [19, 27, 20, 26], [17, 12, 18, 13], [15, 20, 16, 21], [21, 16, 22, 17], [27, 30, 28, 31], [33, 28, 34, 29], [29, 34, 30, 35], [31, 41, 32, 40], [41, 33, 42, 32], [42, 35, 43, 36], [36, 48, 37, 47], [44, 38, 45, 37], [38, 46, 39, 45], [46, 40, 47, 39], [48, 43, 49, 44], [49, 4, 0, 5], [5, 10, 6, 11], [3, 7, 4, 6], [7, 3, 8, 2], [1, 9, 2, 8], [9, 1, 10, 0]]
[[11, 27, 12, 26], [27, 17, 28, 16], [17, 29, 18, 28], [21, 13, 22, 12], [13, 23, 14, 22], [23, 15, 24, 14], [15, 21, 16, 20], [25, 18, 26, 19], [19, 24, 20, 25], [29, 32, 30, 33], [35, 30, 36, 31], [31, 36, 32, 37], [40, 34, 41, 33], [34, 40, 35, 39], [37, 44, 38, 45], [45, 38, 46, 39], [41, 46, 42, 47], [47, 42, 48, 43], [43, 48, 44, 49], [49, 4, 0, 5], [5, 10, 6, 11], [3, 7, 4, 6], [7, 3, 8, 2], [1, 9, 2, 8], [9, 1, 10, 0]]
[[11, 29, 12, 28], [29, 15, 30, 14], [15, 31, 16, 30], [12, 19, 13, 20], [18, 13, 19, 14], [16, 24, 17, 23], [22, 18, 23, 17], [20, 26, 21, 25], [26, 22, 27, 21], [24, 28, 25, 27], [31, 34, 32, 35], [37, 32, 38, 33], [33, 38, 34, 39], [44, 36, 45, 35], [36, 44, 37, 43], [39, 46, 40, 47], [47, 40, 48, 41], [41, 48, 42, 49], [49, 42, 50, 43], [45, 50, 46, 51], [51, 4, 0, 5], [5, 10, 6, 11], [3, 7, 4, 6], [7, 3, 8, 2], [1, 9, 2, 8], [9, 1, 10, 0]]
[[11, 25, 12, 24], [25, 16, 26, 17], [15, 26, 16, 27], [21, 13, 22, 12], [13, 21, 14, 20], [17, 15, 18, 14], [23, 18, 24, 19], [19, 22, 20, 23], [27, 30, 28, 31], [35, 29, 36, 28], [29, 35, 30, 34], [33, 36, 34, 37], [42, 32, 43, 31], [32, 42, 33, 41], [40, 38, 41, 37], [38, 47, 39, 48], [46, 39, 47, 40], [50, 44, 51, 43], [44, 50, 45, 49], [48, 46, 49, 45], [51, 4, 0, 5], [5, 10, 6, 11], [3, 7, 4, 6], [7, 3, 8, 2], [1, 9, 2, 8], [9, 1, 10, 0]]
[[11, 25, 12, 24], [25, 16, 26, 17], [15, 26, 16, 27], [21, 13, 22, 12], [13, 21, 14, 20], [17, 15, 18, 14], [23, 18, 24, 19], [19, 22, 20, 23], [27, 47, 28, 46], [49, 32, 50, 33], [31, 50, 32, 51], [33, 31, 34, 30], [28, 41, 29, 42], [38, 29, 39, 30], [34, 37, 35, 38], [44, 36, 45, 35], [36, 44, 37, 43], [39, 48, 40, 49], [47, 40, 48, 41], [42, 45, 43, 46], [51, 4, 0, 5], [5, 10, 6, 11], [3, 7, 4, 6], [7, 3, 8, 2], [1, 9, 2, 8], [9, 1, 10, 0]]
[[11, 27, 12, 26], [27, 16, 28, 17], [15, 28, 16, 29], [17, 13, 18, 12], [13, 21, 14, 20], [21, 15, 22, 14], [23, 18, 24, 19], [19, 24, 20, 25], [25, 22, 26, 23], [29, 32, 30, 33], [39, 31, 40, 30], [31, 39, 32, 38], [46, 34, 47, 33], [34, 48, 35, 47], [42, 36, 43, 35], [36, 49, 37, 50], [44, 37, 45, 38], [40, 45, 41, 46], [48, 41, 49, 42], [50, 44, 51, 43], [51, 4, 0, 5], [5, 10, 6, 11], [3, 7, 4, 6], [7, 3, 8, 2], [1, 9, 2, 8], [9, 1, 10, 0]]
[[11, 27, 12, 26], [27, 16, 28, 17], [15, 28, 16, 29], [17, 13, 18, 12], [13, 21, 14, 20], [21, 15, 22, 14], [23, 18, 24, 19], [19, 24, 20, 25], [25, 22, 26, 23], [29, 49, 30, 48], [49, 36, 50, 37], [35, 50, 36, 51], [30, 43, 31, 44], [44, 31, 45, 32], [32, 39, 33, 40], [46, 34, 47, 33], [34, 42, 35, 41], [42, 38, 43, 37], [38, 46, 39, 45], [40, 47, 41, 48], [51, 4, 0, 5], [5, 10, 6, 11], [3, 7, 4, 6], [7, 3, 8, 2], [1, 9, 2, 8], [9, 1, 10, 0]]
[[11, 27, 12, 26], [27, 16, 28, 17], [15, 28, 16, 29], [21, 12, 22, 13], [13, 24, 14, 25], [19, 15, 20, 14], [17, 23, 18, 22], [23, 19, 24, 18], [25, 20, 26, 21], [29, 32, 30, 33], [35, 30, 36, 31], [31, 36, 32, 37], [42, 34, 43, 33], [34, 42, 35, 41], [37, 44, 38, 45], [49, 38, 50, 39], [39, 47, 40, 46], [47, 41, 48, 40], [43, 50, 44, 51], [45, 49, 46, 48], [51, 4, 0, 5], [5, 10, 6, 11], [3, 7, 4, 6], [7, 3, 8, 2], [1, 9, 2, 8], [9, 1, 10, 0]]
[[11, 27, 12, 26], [27, 16, 28, 17], [15, 28, 16, 29], [21, 12, 22, 13], [13, 24, 14, 25], [19, 15, 20, 14], [17, 23, 18, 22], [23, 19, 24, 18], [25, 20, 26, 21], [30, 48, 31, 47], [48, 32, 49, 31], [33, 51, 34, 50], [29, 40, 30, 41], [39, 32, 40, 33], [41, 35, 42, 34], [35, 47, 36, 46], [43, 36, 44, 37], [37, 44, 38, 45], [49, 39, 50, 38], [45, 42, 46, 43], [51, 4, 0, 5], [5, 10, 6, 11], [3, 7, 4, 6], [7, 3, 8, 2], [1, 9, 2, 8], [9, 1, 10, 0]]
[[11, 27, 12, 26], [27, 17, 28, 16], [17, 29, 18, 28], [19, 12, 20, 13], [13, 24, 14, 25], [21, 15, 22, 14], [15, 23, 16, 22], [25, 18, 26, 19], [23, 21, 24, 20], [29, 32, 30, 33], [37, 31, 38, 30], [31, 37, 32, 36], [33, 38, 34, 39], [34, 42, 35, 41], [42, 36, 43, 35], [46, 39, 47, 40], [40, 47, 41, 48], [48, 43, 49, 44], [44, 49, 45, 50], [50, 45, 51, 46], [51, 4, 0, 5], [5, 10, 6, 11], [3, 7, 4, 6], [7, 3, 8, 2], [1, 9, 2, 8], [9, 1, 10, 0]]
[[11, 27, 12, 26], [27, 17, 28, 16], [17, 29, 18, 28], [19, 12, 20, 13], [13, 24, 14, 25], [21, 15, 22, 14], [15, 23, 16, 22], [25, 18, 26, 19], [23, 21, 24, 20], [29, 32, 30, 33], [37, 30, 38, 31], [31, 38, 32, 39], [33, 42, 34, 43], [45, 34, 46, 35], [35, 46, 36, 47], [41, 36, 42, 37], [39, 49, 40, 48], [47, 41, 48, 40], [50, 44, 51, 43], [44, 50, 45, 49], [51, 4, 0, 5], [5, 10, 6, 11], [3, 7, 4, 6], [7, 3, 8, 2], [1, 9, 2, 8], [9, 1, 10, 0]]
[[11, 27, 12, 26], [27, 17, 28, 16], [17, 29, 18, 28], [19, 12, 20, 13], [13, 24, 14, 25], [21, 15, 22, 14], [15, 23, 16, 22], [25, 18, 26, 19], [23, 21, 24, 20], [29, 32, 30, 33], [35, 30, 36, 31], [31, 36, 32, 37], [40, 33, 41, 34], [34, 41, 35, 42], [37, 43, 38, 42], [45, 39, 46, 38], [39, 47, 40, 46], [43, 48, 44, 49], [49, 44, 50, 45], [47, 50, 48, 51], [51, 4, 0, 5], [5, 10, 6, 11], [3, 7, 4, 6], [7, 3, 8, 2], [1, 9, 2, 8], [9, 1, 10, 0]]
[[11, 27, 12, 26], [27, 16, 28, 17], [15, 28, 16, 29], [17, 13, 18, 12], [13, 22, 14, 23], [21, 14, 22, 15], [23, 19, 24, 18], [19, 25, 20, 24], [25, 21, 26, 20], [29, 32, 30, 33], [39, 31, 40, 30], [31, 39, 32, 38], [46, 33, 47, 34], [34, 41, 35, 42], [42, 35, 43, 36], [36, 49, 37, 50], [44, 38, 45, 37], [40, 48, 41, 47], [48, 44, 49, 43], [50, 45, 51, 46], [51, 4, 0, 5], [5, 10, 6, 11], [3, 7, 4, 6], [7, 3, 8, 2], [1, 9, 2, 8], [9, 1, 10, 0]]
[[11, 25, 12, 24], [25, 20, 26, 21], [13, 26, 14, 27], [27, 19, 28, 18], [15, 29, 16, 28], [21, 13, 22, 12], [19, 14, 20, 15], [23, 16, 24, 17], [17, 22, 18, 23], [29, 32, 30, 33], [37, 30, 38, 31], [31, 38, 32, 39], [35, 41, 36, 40], [33, 47, 34, 46], [49, 35, 50, 34], [43, 37, 44, 36], [39, 45, 40, 44], [48, 41, 49, 42], [42, 47, 43, 48], [45, 51, 46, 50], [51, 4, 0, 5], [5, 10, 6, 11], [3, 7, 4, 6], [7, 3, 8, 2], [1, 9, 2, 8], [9, 1, 10, 0]]
[[11, 25, 12, 24], [25, 20, 26, 21], [13, 26, 14, 27], [27, 19, 28, 18], [15, 29, 16, 28], [21, 13, 22, 12], [19, 14, 20, 15], [23, 16, 24, 17], [17, 22, 18, 23], [29, 49, 30, 48], [49, 35, 50, 34], [35, 51, 36, 50], [39, 30, 40, 31], [44, 31, 45, 32], [32, 45, 33, 46], [33, 40, 34, 41], [41, 36, 42, 37], [37, 47, 38, 46], [43, 39, 44, 38], [47, 42, 48, 43], [51, 4, 0, 5], [5, 10, 6, 11], [3, 7, 4, 6], [7, 3, 8, 2], [1, 9, 2, 8], [9, 1, 10, 0]]
[[11, 25, 12, 24], [25, 20, 26, 21], [13, 26, 14, 27], [27, 19, 28, 18], [15, 29, 16, 28], [21, 13, 22, 12], [19, 14, 20, 15], [23, 16, 24, 17], [17, 22, 18, 23], [29, 32, 30, 33], [35, 30, 36, 31], [31, 36, 32, 37], [40, 34, 41, 33], [34, 40, 35, 39], [37, 45, 38, 44], [43, 39, 44, 38], [41, 48, 42, 49], [47, 42, 48, 43], [45, 51, 46, 50], [49, 47, 50, 46], [51, 4, 0, 5], [5, 10, 6, 11], [3, 7, 4, 6], [7, 3, 8, 2], [1, 9, 2, 8], [9, 1, 10, 0]]
[[11, 25, 12, 24], [25, 20, 26, 21], [13, 26, 14, 27], [27, 19, 28, 18], [15, 29, 16, 28], [21, 13, 22, 12], [19, 14, 20, 15], [23, 16, 24, 17], [17, 22, 18, 23], [29, 49, 30, 48], [49, 33, 50, 32], [33, 51, 34, 50], [30, 37, 31, 38], [36, 31, 37, 32], [41, 34, 42, 35], [35, 40, 36, 41], [45, 39, 46, 38], [39, 45, 40, 44], [47, 42, 48, 43], [43, 46, 44, 47], [51, 4, 0, 5], [5, 10, 6, 11], [3, 7, 4, 6], [7, 3, 8, 2], [1, 9, 2, 8], [9, 1, 10, 0]]
[[11, 27, 12, 26], [27, 18, 28, 19], [17, 28, 18, 29], [12, 21, 13, 22], [20, 13, 21, 14], [14, 19, 15, 20], [15, 24, 16, 25], [23, 16, 24, 17], [25, 23, 26, 22], [29, 32, 30, 33], [37, 31, 38, 30], [31, 37, 32, 36], [35, 38, 36, 39], [44, 34, 45, 33], [34, 44, 35, 43], [42, 40, 43, 39], [40, 48, 41, 47], [48, 42, 49, 41], [50, 46, 51, 45], [46, 50, 47, 49], [51, 4, 0, 5], [5, 10, 6, 11], [3, 7, 4, 6], [7, 3, 8, 2], [1, 9, 2, 8], [9, 1, 10, 0]]
[[11, 29, 12, 28], [29, 15, 30, 14], [15, 31, 16, 30], [19, 12, 20, 13], [13, 20, 14, 21], [25, 16, 26, 17], [17, 24, 18, 25], [21, 18, 22, 19], [27, 23, 28, 22], [23, 27, 24, 26], [31, 36, 32, 37], [49, 33, 50, 32], [40, 33, 41, 34], [34, 48, 35, 47], [35, 42, 36, 43], [37, 45, 38, 44], [51, 39, 52, 38], [39, 46, 40, 47], [48, 41, 49, 42], [43, 53, 44, 52], [45, 50, 46, 51], [53, 4, 0, 5], [5, 10, 6, 11], [3, 7, 4, 6], [7, 3, 8, 2], [1, 9, 2, 8], [9, 1, 10, 0]]
[[11, 29, 12, 28], [29, 15, 30, 14], [15, 31, 16, 30], [19, 12, 20, 13], [13, 20, 14, 21], [25, 16, 26, 17], [17, 24, 18, 25], [21, 18, 22, 19], [27, 23, 28, 22], [23, 27, 24, 26], [31, 49, 32, 48], [49, 44, 50, 45], [50, 36, 51, 35], [42, 51, 43, 52], [37, 53, 38, 52], [39, 32, 40, 33], [33, 46, 34, 47], [41, 35, 42, 34], [36, 44, 37, 43], [47, 38, 48, 39], [45, 41, 46, 40], [53, 4, 0, 5], [5, 10, 6, 11], [3, 7, 4, 6], [7, 3, 8, 2], [1, 9, 2, 8], [9, 1, 10, 0]]
[[11, 29, 12, 28], [29, 15, 30, 14], [15, 31, 16, 30], [19, 12, 20, 13], [13, 20, 14, 21], [25, 16, 26, 17], [17, 24, 18, 25], [21, 18, 22, 19], [27, 23, 28, 22], [23, 27, 24, 26], [31, 36, 32, 37], [32, 40, 33, 39], [40, 34, 41, 33], [34, 50, 35, 49], [50, 36, 51, 35], [37, 44, 38, 45], [43, 38, 44, 39], [48, 41, 49, 42], [42, 47, 43, 48], [45, 52, 46, 53], [51, 46, 52, 47], [53, 4, 0, 5], [5, 10, 6, 11], [3, 7, 4, 6], [7, 3, 8, 2], [1, 9, 2, 8], [9, 1, 10, 0]]
[[11, 29, 12, 28], [29, 15, 30, 14], [15, 31, 16, 30], [19, 12, 20, 13], [13, 20, 14, 21], [25, 16, 26, 17], [17, 24, 18, 25], [21, 18, 22, 19], [27, 23, 28, 22], [23, 27, 24, 26], [31, 49, 32, 48], [34, 49, 35, 50], [50, 35, 51, 36], [44, 51, 45, 52], [52, 45, 53, 46], [39, 33, 40, 32], [33, 39, 34, 38], [36, 44, 37, 43], [42, 38, 43, 37], [47, 41, 48, 40], [41, 47, 42, 46], [53, 4, 0, 5], [5, 10, 6, 11], [3, 7, 4, 6], [7, 3, 8, 2], [1, 9, 2, 8], [9, 1, 10, 0]]
[[11, 27, 12, 26], [27, 15, 28, 14], [21, 28, 22, 29], [29, 16, 30, 17], [23, 31, 24, 30], [19, 12, 20, 13], [13, 20, 14, 21], [15, 23, 16, 22], [17, 24, 18, 25], [25, 18, 26, 19], [31, 34, 32, 35], [37, 32, 38, 33], [33, 38, 34, 39], [35, 45, 36, 44], [45, 37, 46, 36], [39, 47, 40, 46], [47, 41, 48, 40], [41, 49, 42, 48], [51, 42, 52, 43], [43, 50, 44, 51], [49, 53, 50, 52], [53, 4, 0, 5], [5, 10, 6, 11], [3, 7, 4, 6], [7, 3, 8, 2], [1, 9, 2, 8], [9, 1, 10, 0]]
[[11, 27, 12, 26], [27, 15, 28, 14], [21, 28, 22, 29], [29, 16, 30, 17], [23, 31, 24, 30], [19, 12, 20, 13], [13, 20, 14, 21], [15, 23, 16, 22], [17, 24, 18, 25], [25, 18, 26, 19], [31, 34, 32, 35], [39, 33, 40, 32], [33, 39, 34, 38], [35, 40, 36, 41], [45, 36, 46, 37], [37, 46, 38, 47], [41, 49, 42, 48], [49, 43, 50, 42], [43, 51, 44, 50], [51, 45, 52, 44], [47, 53, 48, 52], [53, 4, 0, 5], [5, 10, 6, 11], [3, 7, 4, 6], [7, 3, 8, 2], [1, 9, 2, 8], [9, 1, 10, 0]]
[[11, 27, 12, 26], [27, 15, 28, 14], [21, 28, 22, 29], [29, 16, 30, 17], [23, 31, 24, 30], [19, 12, 20, 13], [13, 20, 14, 21], [15, 23, 16, 22], [17, 24, 18, 25], [25, 18, 26, 19], [31, 34, 32, 35], [39, 32, 40, 33], [33, 40, 34, 41], [35, 43, 36, 42], [47, 36, 48, 37], [37, 46, 38, 47], [51, 39, 52, 38], [41, 53, 42, 52], [43, 49, 44, 48], [49, 45, 50, 44], [45, 51, 46, 50], [53, 4, 0, 5], [5, 10, 6, 11], [3, 7, 4, 6], [7, 3, 8, 2], [1, 9, 2, 8], [9, 1, 10, 0]]
[[11, 29, 12, 28], [29, 18, 30, 19], [17, 30, 18, 31], [19, 13, 20, 12], [13, 26, 14, 27], [23, 15, 24, 14], [15, 25, 16, 24], [21, 16, 22, 17], [27, 21, 28, 20], [25, 23, 26, 22], [31, 36, 32, 37], [49, 33, 50, 32], [33, 39, 34, 38], [45, 34, 46, 35], [35, 42, 36, 43], [37, 50, 38, 51], [46, 39, 47, 40], [40, 47, 41, 48], [48, 41, 49, 42], [43, 53, 44, 52], [51, 45, 52, 44], [53, 4, 0, 5], [5, 10, 6, 11], [3, 7, 4, 6], [7, 3, 8, 2], [1, 9, 2, 8], [9, 1, 10, 0]]
[[11, 29, 12, 28], [29, 18, 30, 19], [17, 30, 18, 31], [19, 13, 20, 12], [13, 25, 14, 24], [23, 15, 24, 14], [15, 21, 16, 20], [27, 17, 28, 16], [21, 26, 22, 27], [25, 22, 26, 23], [31, 34, 32, 35], [39, 33, 40, 32], [33, 39, 34, 38], [35, 40, 36, 41], [43, 36, 44, 37], [37, 44, 38, 45], [48, 42, 49, 41], [42, 48, 43, 47], [45, 50, 46, 51], [51, 46, 52, 47], [49, 52, 50, 53], [53, 4, 0, 5], [5, 10, 6, 11], [3, 7, 4, 6], [7, 3, 8, 2], [1, 9, 2, 8], [9, 1, 10, 0]]
[[11, 29, 12, 28], [29, 19, 30, 18], [19, 31, 20, 30], [23, 12, 24, 13], [13, 22, 14, 23], [27, 15, 28, 14], [15, 21, 16, 20], [25, 16, 26, 17], [17, 24, 18, 25], [21, 27, 22, 26], [31, 36, 32, 37], [32, 49, 33, 50], [40, 33, 41, 34], [34, 48, 35, 47], [42, 36, 43, 35], [37, 52, 38, 53], [43, 38, 44, 39], [46, 40, 47, 39], [48, 41, 49, 42], [51, 44, 52, 45], [45, 50, 46, 51], [53, 4, 0, 5], [5, 10, 6, 11], [3, 7, 4, 6], [7, 3, 8, 2], [1, 9, 2, 8], [9, 1, 10, 0]]
[[11, 27, 12, 26], [27, 21, 28, 20], [13, 28, 14, 29], [29, 16, 30, 17], [23, 31, 24, 30], [19, 12, 20, 13], [21, 15, 22, 14], [15, 23, 16, 22], [17, 24, 18, 25], [25, 18, 26, 19], [31, 36, 32, 37], [37, 32, 38, 33], [33, 38, 34, 39], [45, 35, 46, 34], [35, 45, 36, 44], [39, 46, 40, 47], [51, 41, 52, 40], [41, 49, 42, 48], [49, 43, 50, 42], [43, 51, 44, 50], [47, 52, 48, 53], [53, 4, 0, 5], [5, 10, 6, 11], [3, 7, 4, 6], [7, 3, 8, 2], [1, 9, 2, 8], [9, 1, 10, 0]]
[[11, 27, 12, 26], [27, 21, 28, 20], [13, 28, 14, 29], [29, 16, 30, 17], [23, 31, 24, 30], [19, 12, 20, 13], [21, 15, 22, 14], [15, 23, 16, 22], [17, 24, 18, 25], [25, 18, 26, 19], [31, 49, 32, 48], [49, 33, 50, 32], [33, 51, 34, 50], [51, 40, 52, 41], [39, 52, 40, 53], [41, 35, 42, 34], [35, 46, 36, 47], [43, 36, 44, 37], [37, 44, 38, 45], [45, 38, 46, 39], [47, 43, 48, 42], [53, 4, 0, 5], [5, 10, 6, 11], [3, 7, 4, 6], [7, 3, 8, 2], [1, 9, 2, 8], [9, 1, 10, 0]]
[[11, 29, 12, 28], [29, 19, 30, 18], [19, 31, 20, 30], [23, 12, 24, 13], [14, 27, 15, 28], [13, 22, 14, 23], [21, 16, 22, 17], [26, 15, 27, 16], [17, 24, 18, 25], [25, 20, 26, 21], [31, 34, 32, 35], [37, 32, 38, 33], [33, 38, 34, 39], [35, 45, 36, 44], [45, 37, 46, 36], [46, 39, 47, 40], [40, 52, 41, 51], [48, 42, 49, 41], [42, 50, 43, 49], [50, 44, 51, 43], [52, 47, 53, 48], [53, 4, 0, 5], [5, 10, 6, 11], [3, 7, 4, 6], [7, 3, 8, 2], [1, 9, 2, 8], [9, 1, 10, 0]]
[[11, 27, 12, 26], [27, 17, 28, 16], [17, 29, 18, 28], [52, 22, 53, 21], [25, 13, 26, 12], [13, 20, 14, 21], [19, 14, 20, 15], [15, 25, 16, 24], [23, 19, 24, 18], [22, 30, 23, 29], [30, 33, 31, 34], [38, 31, 39, 32], [32, 39, 33, 40], [42, 35, 43, 36], [47, 34, 48, 35], [36, 49, 37, 50], [37, 44, 38, 45], [45, 40, 46, 41], [41, 51, 42, 50], [48, 44, 49, 43], [51, 46, 52, 47], [53, 4, 0, 5], [5, 10, 6, 11], [3, 7, 4, 6], [7, 3, 8, 2], [1, 9, 2, 8], [9, 1, 10, 0]]
[[11, 29, 12, 28], [29, 15, 30, 14], [15, 31, 16, 30], [12, 19, 13, 20], [18, 13, 19, 14], [23, 16, 24, 17], [17, 22, 18, 23], [25, 20, 26, 21], [21, 26, 22, 27], [27, 24, 28, 25], [31, 34, 32, 35], [41, 33, 42, 32], [33, 41, 34, 40], [48, 35, 49, 36], [36, 51, 37, 52], [44, 38, 45, 37], [38, 46, 39, 45], [46, 40, 47, 39], [42, 50, 43, 49], [50, 44, 51, 43], [52, 47, 53, 48], [53, 4, 0, 5], [5, 10, 6, 11], [3, 7, 4, 6], [7, 3, 8, 2], [1, 9, 2, 8], [9, 1, 10, 0]]
[[11, 23, 12, 22], [23, 18, 24, 19], [13, 24, 14, 25], [25, 14, 26, 15], [17, 26, 18, 27], [19, 13, 20, 12], [15, 21, 16, 20], [21, 17, 22, 16], [27, 30, 28, 31], [33, 28, 34, 29], [29, 34, 30, 35], [31, 39, 32, 38], [39, 33, 40, 32], [46, 36, 47, 35], [36, 44, 37, 43], [50, 37, 51, 38], [40, 47, 41, 48], [48, 41, 49, 42], [42, 49, 43, 50], [44, 52, 45, 51], [52, 46, 53, 45], [53, 4, 0, 5], [5, 10, 6, 11], [3, 7, 4, 6], [7, 3, 8, 2], [1, 9, 2, 8], [9, 1, 10, 0]]
[[11, 23, 12, 22], [23, 18, 24, 19], [13, 24, 14, 25], [25, 14, 26, 15], [17, 26, 18, 27], [19, 13, 20, 12], [15, 21, 16, 20], [21, 17, 22, 16], [27, 51, 28, 50], [51, 31, 52, 30], [31, 53, 32, 52], [35, 28, 36, 29], [29, 36, 30, 37], [32, 43, 33, 44], [40, 33, 41, 34], [34, 48, 35, 47], [44, 38, 45, 37], [38, 46, 39, 45], [46, 40, 47, 39], [48, 41, 49, 42], [42, 49, 43, 50], [53, 4, 0, 5], [5, 10, 6, 11], [3, 7, 4, 6], [7, 3, 8, 2], [1, 9, 2, 8], [9, 1, 10, 0]]
[[11, 23, 12, 22], [23, 19, 24, 18], [13, 24, 14, 25], [25, 14, 26, 15], [19, 27, 20, 26], [17, 12, 18, 13], [15, 20, 16, 21], [21, 16, 22, 17], [27, 30, 28, 31], [35, 28, 36, 29], [29, 36, 30, 37], [31, 41, 32, 40], [41, 33, 42, 32], [33, 43, 34, 42], [43, 35, 44, 34], [48, 38, 49, 37], [38, 46, 39, 45], [50, 39, 51, 40], [44, 49, 45, 50], [46, 52, 47, 51], [52, 48, 53, 47], [53, 4, 0, 5], [5, 10, 6, 11], [3, 7, 4, 6], [7, 3, 8, 2], [1, 9, 2, 8], [9, 1, 10, 0]]
[[11, 23, 12, 22], [23, 19, 24, 18], [13, 24, 14, 25], [25, 14, 26, 15], [19, 27, 20, 26], [17, 12, 18, 13], [15, 20, 16, 21], [21, 16, 22, 17], [27, 30, 28, 31], [37, 29, 38, 28], [29, 37, 30, 36], [42, 32, 43, 31], [32, 42, 33, 41], [48, 34, 49, 33], [34, 39, 35, 40], [46, 35, 47, 36], [38, 47, 39, 48], [40, 50, 41, 49], [52, 44, 53, 43], [44, 52, 45, 51], [50, 46, 51, 45], [53, 4, 0, 5], [5, 10, 6, 11], [3, 7, 4, 6], [7, 3, 8, 2], [1, 9, 2, 8], [9, 1, 10, 0]]
[[11, 25, 12, 24], [25, 18, 26, 19], [17, 26, 18, 27], [19, 13, 20, 12], [13, 21, 14, 20], [21, 15, 22, 14], [15, 23, 16, 22], [23, 17, 24, 16], [27, 30, 28, 31], [41, 29, 42, 28], [29, 41, 30, 40], [31, 46, 32, 47], [45, 32, 46, 33], [33, 42, 34, 43], [34, 49, 35, 50], [50, 35, 51, 36], [43, 36, 44, 37], [37, 44, 38, 45], [38, 51, 39, 52], [48, 39, 49, 40], [52, 48, 53, 47], [53, 4, 0, 5], [5, 10, 6, 11], [3, 7, 4, 6], [7, 3, 8, 2], [1, 9, 2, 8], [9, 1, 10, 0]]
[[11, 27, 12, 26], [27, 16, 28, 17], [15, 28, 16, 29], [17, 13, 18, 12], [13, 21, 14, 20], [21, 15, 22, 14], [23, 18, 24, 19], [19, 24, 20, 25], [25, 22, 26, 23], [29, 32, 30, 33], [37, 31, 38, 30], [31, 37, 32, 36], [44, 33, 45, 34], [34, 47, 35, 48], [40, 36, 41, 35], [38, 46, 39, 45], [46, 40, 47, 39], [48, 41, 49, 42], [42, 52, 43, 51], [50, 44, 51, 43], [52, 49, 53, 50], [53, 4, 0, 5], [5, 10, 6, 11], [3, 7, 4, 6], [7, 3, 8, 2], [1, 9, 2, 8], [9, 1, 10, 0]]
[[11, 27, 12, 26], [27, 16, 28, 17], [15, 28, 16, 29], [17, 13, 18, 12], [13, 21, 14, 20], [21, 15, 22, 14], [23, 18, 24, 19], [19, 24, 20, 25], [25, 22, 26, 23], [29, 51, 30, 50], [51, 34, 52, 35], [33, 52, 34, 53], [30, 42, 31, 41], [44, 32, 45, 31], [32, 37, 33, 38], [42, 35, 43, 36], [36, 43, 37, 44], [38, 46, 39, 45], [48, 39, 49, 40], [40, 47, 41, 48], [46, 50, 47, 49], [53, 4, 0, 5], [5, 10, 6, 11], [3, 7, 4, 6], [7, 3, 8, 2], [1, 9, 2, 8], [9, 1, 10, 0]]
[[11, 27, 12, 26], [27, 16, 28, 17], [15, 28, 16, 29], [21, 12, 22, 13], [13, 24, 14, 25], [19, 15, 20, 14], [17, 23, 18, 22], [23, 19, 24, 18], [25, 20, 26, 21], [29, 32, 30, 33], [35, 30, 36, 31], [31, 36, 32, 37], [33, 42, 34, 43], [41, 34, 42, 35], [44, 38, 45, 37], [38, 50, 39, 49], [48, 40, 49, 39], [40, 46, 41, 45], [52, 44, 53, 43], [46, 51, 47, 52], [50, 47, 51, 48], [53, 4, 0, 5], [5, 10, 6, 11], [3, 7, 4, 6], [7, 3, 8, 2], [1, 9, 2, 8], [9, 1, 10, 0]]
[[11, 27, 12, 26], [27, 16, 28, 17], [15, 28, 16, 29], [21, 12, 22, 13], [13, 24, 14, 25], [19, 15, 20, 14], [17, 23, 18, 22], [23, 19, 24, 18], [25, 20, 26, 21], [29, 51, 30, 50], [51, 33, 52, 32], [33, 53, 34, 52], [39, 31, 40, 30], [31, 39, 32, 38], [34, 41, 35, 42], [46, 35, 47, 36], [36, 45, 37, 46], [42, 37, 43, 38], [40, 49, 41, 50], [48, 44, 49, 43], [44, 48, 45, 47], [53, 4, 0, 5], [5, 10, 6, 11], [3, 7, 4, 6], [7, 3, 8, 2], [1, 9, 2, 8], [9, 1, 10, 0]]
[[11, 27, 12, 26], [27, 16, 28, 17], [15, 28, 16, 29], [21, 12, 22, 13], [13, 24, 14, 25], [19, 15, 20, 14], [17, 23, 18, 22], [23, 19, 24, 18], [25, 20, 26, 21], [29, 32, 30, 33], [37, 30, 38, 31], [31, 38, 32, 39], [42, 34, 43, 33], [34, 49, 35, 50], [40, 35, 41, 36], [36, 48, 37, 47], [46, 40, 47, 39], [48, 41, 49, 42], [50, 44, 51, 43], [44, 52, 45, 51], [52, 46, 53, 45], [53, 4, 0, 5], [5, 10, 6, 11], [3, 7, 4, 6], [7, 3, 8, 2], [1, 9, 2, 8], [9, 1, 10, 0]]
[[11, 27, 12, 26], [27, 16, 28, 17], [15, 28, 16, 29], [21, 12, 22, 13], [13, 24, 14, 25], [19, 15, 20, 14], [17, 23, 18, 22], [23, 19, 24, 18], [25, 20, 26, 21], [29, 51, 30, 50], [51, 35, 52, 34], [35, 53, 36, 52], [30, 39, 31, 40], [46, 32, 47, 31], [32, 38, 33, 37], [44, 33, 45, 34], [36, 43, 37, 44], [38, 46, 39, 45], [40, 47, 41, 48], [48, 41, 49, 42], [42, 49, 43, 50], [53, 4, 0, 5], [5, 10, 6, 11], [3, 7, 4, 6], [7, 3, 8, 2], [1, 9, 2, 8], [9, 1, 10, 0]]
[[11, 27, 12, 26], [27, 17, 28, 16], [17, 29, 18, 28], [19, 12, 20, 13], [13, 24, 14, 25], [21, 15, 22, 14], [15, 23, 16, 22], [25, 18, 26, 19], [23, 21, 24, 20], [29, 34, 30, 35], [45, 30, 46, 31], [31, 39, 32, 38], [47, 33, 48, 32], [33, 40, 34, 41], [37, 45, 38, 44], [35, 52, 36, 53], [51, 36, 52, 37], [39, 46, 40, 47], [48, 41, 49, 42], [42, 49, 43, 50], [50, 43, 51, 44], [53, 4, 0, 5], [5, 10, 6, 11], [3, 7, 4, 6], [7, 3, 8, 2], [1, 9, 2, 8], [9, 1, 10, 0]]
[[11, 27, 12, 26], [27, 18, 28, 19], [17, 28, 18, 29], [19, 13, 20, 12], [13, 21, 14, 20], [21, 15, 22, 14], [15, 24, 16, 25], [23, 16, 24, 17], [25, 23, 26, 22], [29, 32, 30, 33], [39, 31, 40, 30], [31, 39, 32, 38], [33, 40, 34, 41], [34, 45, 35, 46], [42, 35, 43, 36], [36, 51, 37, 52], [48, 37, 49, 38], [46, 42, 47, 41], [43, 50, 44, 51], [49, 44, 50, 45], [52, 48, 53, 47], [53, 4, 0, 5], [5, 10, 6, 11], [3, 7, 4, 6], [7, 3, 8, 2], [1, 9, 2, 8], [9, 1, 10, 0]]
[[11, 27, 12, 26], [27, 17, 28, 16], [17, 29, 18, 28], [21, 13, 22, 12], [13, 23, 14, 22], [23, 15, 24, 14], [15, 21, 16, 20], [25, 18, 26, 19], [19, 24, 20, 25], [29, 32, 30, 33], [37, 30, 38, 31], [31, 38, 32, 39], [33, 40, 34, 41], [34, 46, 35, 45], [46, 36, 47, 35], [39, 36, 40, 37], [48, 41, 49, 42], [42, 49, 43, 50], [50, 43, 51, 44], [44, 51, 45, 52], [52, 47, 53, 48], [53, 4, 0, 5], [5, 10, 6, 11], [3, 7, 4, 6], [7, 3, 8, 2], [1, 9, 2, 8], [9, 1, 10, 0]]
[[11, 27, 12, 26], [27, 16, 28, 17], [15, 28, 16, 29], [17, 13, 18, 12], [13, 22, 14, 23], [21, 14, 22, 15], [23, 19, 24, 18], [19, 25, 20, 24], [25, 21, 26, 20], [29, 32, 30, 33], [37, 31, 38, 30], [31, 37, 32, 36], [40, 34, 41, 33], [34, 47, 35, 48], [44, 35, 45, 36], [38, 45, 39, 46], [46, 39, 47, 40], [48, 42, 49, 41], [42, 51, 43, 52], [50, 43, 51, 44], [52, 50, 53, 49], [53, 4, 0, 5], [5, 10, 6, 11], [3, 7, 4, 6], [7, 3, 8, 2], [1, 9, 2, 8], [9, 1, 10, 0]]
[[11, 25, 12, 24], [25, 20, 26, 21], [13, 26, 14, 27], [27, 19, 28, 18], [15, 29, 16, 28], [21, 13, 22, 12], [19, 14, 20, 15], [23, 16, 24, 17], [17, 22, 18, 23], [29, 32, 30, 33], [35, 30, 36, 31], [31, 36, 32, 37], [33, 43, 34, 42], [43, 35, 44, 34], [44, 37, 45, 38], [38, 52, 39, 51], [46, 40, 47, 39], [40, 49, 41, 50], [48, 41, 49, 42], [52, 45, 53, 46], [50, 48, 51, 47], [53, 4, 0, 5], [5, 10, 6, 11], [3, 7, 4, 6], [7, 3, 8, 2], [1, 9, 2, 8], [9, 1, 10, 0]]
[[11, 25, 12, 24], [25, 20, 26, 21], [13, 26, 14, 27], [27, 19, 28, 18], [15, 29, 16, 28], [21, 13, 22, 12], [19, 14, 20, 15], [23, 16, 24, 17], [17, 22, 18, 23], [29, 51, 30, 50], [51, 33, 52, 32], [33, 53, 34, 52], [39, 30, 40, 31], [31, 40, 32, 41], [34, 42, 35, 41], [48, 35, 49, 36], [36, 43, 37, 44], [46, 38, 47, 37], [38, 46, 39, 45], [42, 50, 43, 49], [44, 47, 45, 48], [53, 4, 0, 5], [5, 10, 6, 11], [3, 7, 4, 6], [7, 3, 8, 2], [1, 9, 2, 8], [9, 1, 10, 0]]
[[11, 25, 12, 24], [25, 20, 26, 21], [13, 26, 14, 27], [27, 19, 28, 18], [15, 29, 16, 28], [21, 13, 22, 12], [19, 14, 20, 15], [23, 16, 24, 17], [17, 22, 18, 23], [29, 32, 30, 33], [37, 31, 38, 30], [31, 37, 32, 36], [33, 38, 34, 39], [34, 44, 35, 43], [44, 36, 45, 35], [46, 39, 47, 40], [40, 50, 41, 49], [48, 42, 49, 41], [42, 51, 43, 52], [52, 45, 53, 46], [50, 47, 51, 48], [53, 4, 0, 5], [5, 10, 6, 11], [3, 7, 4, 6], [7, 3, 8, 2], [1, 9, 2, 8], [9, 1, 10, 0]]
[[11, 25, 12, 24], [25, 20, 26, 21], [13, 26, 14, 27], [27, 19, 28, 18], [15, 29, 16, 28], [21, 13, 22, 12], [19, 14, 20, 15], [23, 16, 24, 17], [17, 22, 18, 23], [29, 51, 30, 50], [51, 34, 52, 35], [33, 52, 34, 53], [35, 31, 36, 30], [40, 31, 41, 32], [32, 41, 33, 42], [36, 44, 37, 43], [46, 37, 47, 38], [38, 45, 39, 46], [48, 40, 49, 39], [42, 50, 43, 49], [44, 48, 45, 47], [53, 4, 0, 5], [5, 10, 6, 11], [3, 7, 4, 6], [7, 3, 8, 2], [1, 9, 2, 8], [9, 1, 10, 0]]
[[11, 27, 12, 26], [27, 16, 28, 17], [15, 28, 16, 29], [17, 13, 18, 12], [13, 21, 14, 20], [21, 15, 22, 14], [18, 24, 19, 23], [24, 20, 25, 19], [22, 26, 23, 25], [29, 32, 30, 33], [35, 30, 36, 31], [31, 36, 32, 37], [33, 43, 34, 42], [43, 35, 44, 34], [46, 37, 47, 38], [38, 45, 39, 46], [44, 39, 45, 40], [40, 49, 41, 50], [50, 41, 51, 42], [52, 47, 53, 48], [48, 51, 49, 52], [53, 4, 0, 5], [5, 10, 6, 11], [3, 7, 4, 6], [7, 3, 8, 2], [1, 9, 2, 8], [9, 1, 10, 0]]
[[11, 29, 12, 28], [29, 15, 30, 14], [15, 31, 16, 30], [19, 12, 20, 13], [13, 20, 14, 21], [25, 16, 26, 17], [17, 24, 18, 25], [21, 18, 22, 19], [27, 23, 28, 22], [23, 27, 24, 26], [31, 34, 32, 35], [41, 33, 42, 32], [33, 41, 34, 40], [35, 42, 36, 43], [36, 50, 37, 49], [46, 37, 47, 38], [38, 47, 39, 48], [50, 40, 51, 39], [43, 53, 44, 52], [53, 45, 54, 44], [48, 45, 49, 46], [51, 55, 52, 54], [55, 4, 0, 5], [5, 10, 6, 11], [3, 7, 4, 6], [7, 3, 8, 2], [1, 9, 2, 8], [9, 1, 10, 0]]
[[11, 29, 12, 28], [29, 15, 30, 14], [15, 31, 16, 30], [19, 12, 20, 13], [13, 20, 14, 21], [25, 16, 26, 17], [17, 24, 18, 25], [21, 18, 22, 19], [27, 23, 28, 22], [23, 27, 24, 26], [31, 53, 32, 52], [53, 38, 54, 39], [37, 54, 38, 55], [39, 33, 40, 32], [46, 33, 47, 34], [34, 44, 35, 43], [44, 36, 45, 35], [36, 47, 37, 48], [49, 40, 50, 41], [41, 50, 42, 51], [42, 46, 43, 45], [51, 48, 52, 49], [55, 4, 0, 5], [5, 10, 6, 11], [3, 7, 4, 6], [7, 3, 8, 2], [1, 9, 2, 8], [9, 1, 10, 0]]
[[11, 29, 12, 28], [29, 15, 30, 14], [15, 31, 16, 30], [19, 12, 20, 13], [13, 20, 14, 21], [25, 16, 26, 17], [17, 24, 18, 25], [21, 18, 22, 19], [27, 23, 28, 22], [23, 27, 24, 26], [31, 34, 32, 35], [41, 33, 42, 32], [33, 41, 34, 40], [36, 46, 37, 45], [35, 51, 36, 50], [44, 38, 45, 37], [53, 39, 54, 38], [39, 48, 40, 49], [46, 43, 47, 44], [51, 42, 52, 43], [47, 52, 48, 53], [49, 55, 50, 54], [55, 4, 0, 5], [5, 10, 6, 11], [3, 7, 4, 6], [7, 3, 8, 2], [1, 9, 2, 8], [9, 1, 10, 0]]
[[11, 29, 12, 28], [29, 15, 30, 14], [15, 31, 16, 30], [19, 12, 20, 13], [13, 20, 14, 21], [25, 16, 26, 17], [17, 24, 18, 25], [21, 18, 22, 19], [27, 23, 28, 22], [23, 27, 24, 26], [31, 53, 32, 52], [53, 38, 54, 39], [37, 54, 38, 55], [43, 32, 44, 33], [48, 33, 49, 34], [34, 41, 35, 42], [35, 50, 36, 51], [45, 37, 46, 36], [39, 45, 40, 44], [40, 50, 41, 49], [47, 43, 48, 42], [51, 46, 52, 47], [55, 4, 0, 5], [5, 10, 6, 11], [3, 7, 4, 6], [7, 3, 8, 2], [1, 9, 2, 8], [9, 1, 10, 0]]
[[11, 29, 12, 28], [29, 16, 30, 17], [15, 30, 16, 31], [19, 13, 20, 12], [13, 26, 14, 27], [21, 14, 22, 15], [17, 25, 18, 24], [23, 19, 24, 18], [27, 21, 28, 20], [25, 22, 26, 23], [31, 34, 32, 35], [41, 33, 42, 32], [33, 41, 34, 40], [37, 42, 38, 43], [50, 35, 51, 36], [36, 51, 37, 52], [47, 39, 48, 38], [39, 47, 40, 46], [43, 53, 44, 52], [49, 45, 50, 44], [45, 54, 46, 55], [53, 48, 54, 49], [55, 4, 0, 5], [5, 10, 6, 11], [3, 7, 4, 6], [7, 3, 8, 2], [1, 9, 2, 8], [9, 1, 10, 0]]
[[11, 29, 12, 28], [29, 16, 30, 17], [15, 30, 16, 31], [19, 13, 20, 12], [13, 26, 14, 27], [21, 14, 22, 15], [17, 25, 18, 24], [23, 19, 24, 18], [27, 21, 28, 20], [25, 22, 26, 23], [31, 53, 32, 52], [53, 38, 54, 39], [37, 54, 38, 55], [41, 33, 42, 32], [33, 47, 34, 46], [49, 35, 50, 34], [35, 44, 36, 45], [43, 36, 44, 37], [48, 39, 49, 40], [40, 47, 41, 48], [51, 43, 52, 42], [45, 51, 46, 50], [55, 4, 0, 5], [5, 10, 6, 11], [3, 7, 4, 6], [7, 3, 8, 2], [1, 9, 2, 8], [9, 1, 10, 0]]
[[11, 29, 12, 28], [29, 16, 30, 17], [15, 30, 16, 31], [19, 13, 20, 12], [13, 26, 14, 27], [21, 14, 22, 15], [17, 25, 18, 24], [23, 19, 24, 18], [27, 21, 28, 20], [25, 22, 26, 23], [31, 34, 32, 35], [41, 32, 42, 33], [33, 42, 34, 43], [35, 47, 36, 46], [53, 37, 54, 36], [37, 53, 38, 52], [49, 39, 50, 38], [39, 49, 40, 48], [47, 41, 48, 40], [50, 43, 51, 44], [44, 51, 45, 52], [45, 55, 46, 54], [55, 4, 0, 5], [5, 10, 6, 11], [3, 7, 4, 6], [7, 3, 8, 2], [1, 9, 2, 8], [9, 1, 10, 0]]
[[11, 29, 12, 28], [29, 16, 30, 17], [15, 30, 16, 31], [19, 13, 20, 12], [13, 26, 14, 27], [21, 14, 22, 15], [17, 25, 18, 24], [23, 19, 24, 18], [27, 21, 28, 20], [25, 22, 26, 23], [31, 53, 32, 52], [53, 39, 54, 38], [39, 55, 40, 54], [43, 32, 44, 33], [33, 50, 34, 51], [49, 34, 50, 35], [35, 46, 36, 47], [45, 36, 46, 37], [37, 44, 38, 45], [40, 48, 41, 47], [48, 42, 49, 41], [51, 42, 52, 43], [55, 4, 0, 5], [5, 10, 6, 11], [3, 7, 4, 6], [7, 3, 8, 2], [1, 9, 2, 8], [9, 1, 10, 0]]
[[11, 29, 12, 28], [29, 16, 30, 17], [15, 30, 16, 31], [21, 12, 22, 13], [13, 26, 14, 27], [19, 15, 20, 14], [17, 24, 18, 25], [23, 18, 24, 19], [27, 20, 28, 21], [25, 23, 26, 22], [31, 34, 32, 35], [41, 33, 42, 32], [33, 41, 34, 40], [37, 45, 38, 44], [35, 51, 36, 50], [53, 37, 54, 36], [47, 39, 48, 38], [39, 42, 40, 43], [43, 49, 44, 48], [52, 45, 53, 46], [46, 51, 47, 52], [49, 55, 50, 54], [55, 4, 0, 5], [5, 10, 6, 11], [3, 7, 4, 6], [7, 3, 8, 2], [1, 9, 2, 8], [9, 1, 10, 0]]
[[11, 29, 12, 28], [29, 16, 30, 17], [15, 30, 16, 31], [23, 13, 24, 12], [13, 23, 14, 22], [17, 15, 18, 14], [25, 18, 26, 19], [19, 26, 20, 27], [27, 20, 28, 21], [21, 24, 22, 25], [31, 34, 32, 35], [41, 33, 42, 32], [33, 41, 34, 40], [37, 44, 38, 45], [50, 35, 51, 36], [36, 49, 37, 50], [53, 39, 54, 38], [39, 47, 40, 46], [42, 52, 43, 51], [48, 44, 49, 43], [45, 54, 46, 55], [47, 53, 48, 52], [55, 4, 0, 5], [5, 10, 6, 11], [3, 7, 4, 6], [7, 3, 8, 2], [1, 9, 2, 8], [9, 1, 10, 0]]
[[11, 29, 12, 28], [29, 18, 30, 19], [17, 30, 18, 31], [19, 13, 20, 12], [13, 26, 14, 27], [21, 14, 22, 15], [15, 25, 16, 24], [23, 17, 24, 16], [27, 21, 28, 20], [25, 22, 26, 23], [31, 34, 32, 35], [39, 33, 40, 32], [33, 39, 34, 38], [35, 40, 36, 41], [36, 44, 37, 43], [44, 38, 45, 37], [48, 41, 49, 42], [42, 49, 43, 50], [50, 45, 51, 46], [46, 54, 47, 53], [52, 48, 53, 47], [54, 51, 55, 52], [55, 4, 0, 5], [5, 10, 6, 11], [3, 7, 4, 6], [7, 3, 8, 2], [1, 9, 2, 8], [9, 1, 10, 0]]
[[11, 29, 12, 28], [29, 18, 30, 19], [17, 30, 18, 31], [19, 13, 20, 12], [13, 26, 14, 27], [21, 14, 22, 15], [15, 25, 16, 24], [23, 17, 24, 16], [27, 21, 28, 20], [25, 22, 26, 23], [31, 53, 32, 52], [53, 36, 54, 37], [35, 54, 36, 55], [37, 33, 38, 32], [40, 33, 41, 34], [34, 41, 35, 42], [38, 46, 39, 45], [46, 40, 47, 39], [42, 48, 43, 47], [50, 43, 51, 44], [44, 49, 45, 50], [48, 52, 49, 51], [55, 4, 0, 5], [5, 10, 6, 11], [3, 7, 4, 6], [7, 3, 8, 2], [1, 9, 2, 8], [9, 1, 10, 0]]
[[11, 29, 12, 28], [29, 18, 30, 19], [17, 30, 18, 31], [19, 13, 20, 12], [13, 26, 14, 27], [21, 14, 22, 15], [15, 25, 16, 24], [23, 17, 24, 16], [27, 21, 28, 20], [25, 22, 26, 23], [31, 34, 32, 35], [41, 33, 42, 32], [33, 41, 34, 40], [35, 42, 36, 43], [36, 51, 37, 52], [46, 38, 47, 37], [38, 46, 39, 45], [50, 39, 51, 40], [48, 44, 49, 43], [44, 53, 45, 54], [52, 47, 53, 48], [54, 50, 55, 49], [55, 4, 0, 5], [5, 10, 6, 11], [3, 7, 4, 6], [7, 3, 8, 2], [1, 9, 2, 8], [9, 1, 10, 0]]
[[11, 29, 12, 28], [29, 18, 30, 19], [17, 30, 18, 31], [19, 13, 20, 12], [13, 26, 14, 27], [21, 14, 22, 15], [15, 25, 16, 24], [23, 17, 24, 16], [27, 21, 28, 20], [25, 22, 26, 23], [31, 53, 32, 52], [53, 38, 54, 39], [37, 54, 38, 55], [39, 33, 40, 32], [48, 34, 49, 33], [34, 43, 35, 44], [42, 35, 43, 36], [36, 48, 37, 47], [40, 45, 41, 46], [50, 42, 51, 41], [44, 50, 45, 49], [46, 51, 47, 52], [55, 4, 0, 5], [5, 10, 6, 11], [3, 7, 4, 6], [7, 3, 8, 2], [1, 9, 2, 8], [9, 1, 10, 0]]
[[11, 29, 12, 28], [29, 16, 30, 17], [15, 30, 16, 31], [17, 13, 18, 12], [13, 22, 14, 23], [21, 14, 22, 15], [25, 18, 26, 19], [19, 26, 20, 27], [23, 21, 24, 20], [27, 24, 28, 25], [31, 34, 32, 35], [39, 33, 40, 32], [33, 39, 34, 38], [46, 35, 47, 36], [36, 49, 37, 50], [42, 38, 43, 37], [40, 48, 41, 47], [48, 42, 49, 41], [52, 44, 53, 43], [44, 54, 45, 53], [50, 45, 51, 46], [54, 52, 55, 51], [55, 4, 0, 5], [5, 10, 6, 11], [3, 7, 4, 6], [7, 3, 8, 2], [1, 9, 2, 8], [9, 1, 10, 0]]
[[11, 29, 12, 28], [29, 18, 30, 19], [17, 30, 18, 31], [19, 13, 20, 12], [13, 26, 14, 27], [23, 15, 24, 14], [15, 25, 16, 24], [21, 16, 22, 17], [27, 21, 28, 20], [25, 23, 26, 22], [31, 34, 32, 35], [37, 32, 38, 33], [33, 38, 34, 39], [35, 43, 36, 42], [43, 37, 44, 36], [44, 39, 45, 40], [40, 47, 41, 48], [48, 41, 49, 42], [52, 45, 53, 46], [46, 51, 47, 52], [54, 50, 55, 49], [50, 54, 51, 53], [55, 4, 0, 5], [5, 10, 6, 11], [3, 7, 4, 6], [7, 3, 8, 2], [1, 9, 2, 8], [9, 1, 10, 0]]
[[11, 29, 12, 28], [29, 18, 30, 19], [17, 30, 18, 31], [21, 12, 22, 13], [13, 22, 14, 23], [19, 15, 20, 14], [15, 26, 16, 27], [25, 16, 26, 17], [23, 20, 24, 21], [27, 25, 28, 24], [31, 34, 32, 35], [39, 33, 40, 32], [33, 39, 34, 38], [35, 40, 36, 41], [45, 37, 46, 36], [37, 45, 38, 44], [41, 46, 42, 47], [42, 50, 43, 49], [50, 44, 51, 43], [47, 53, 48, 52], [53, 49, 54, 48], [51, 55, 52, 54], [55, 4, 0, 5], [5, 10, 6, 11], [3, 7, 4, 6], [7, 3, 8, 2], [1, 9, 2, 8], [9, 1, 10, 0]]
[[11, 29, 12, 28], [29, 17, 30, 16], [17, 31, 18, 30], [23, 12, 24, 13], [13, 24, 14, 25], [21, 15, 22, 14], [15, 21, 16, 20], [27, 18, 28, 19], [19, 26, 20, 27], [25, 22, 26, 23], [31, 34, 32, 35], [39, 33, 40, 32], [33, 39, 34, 38], [37, 40, 38, 41], [46, 36, 47, 35], [36, 46, 37, 45], [44, 42, 45, 41], [42, 50, 43, 49], [50, 44, 51, 43], [52, 47, 53, 48], [48, 53, 49, 54], [54, 51, 55, 52], [55, 4, 0, 5], [5, 10, 6, 11], [3, 7, 4, 6], [7, 3, 8, 2], [1, 9, 2, 8], [9, 1, 10, 0]]
[[11, 29, 12, 28], [29, 17, 30, 16], [17, 31, 18, 30], [23, 12, 24, 13], [13, 24, 14, 25], [21, 15, 22, 14], [15, 21, 16, 20], [27, 18, 28, 19], [19, 26, 20, 27], [25, 22, 26, 23], [31, 53, 32, 52], [53, 36, 54, 37], [35, 54, 36, 55], [37, 35, 38, 34], [32, 43, 33, 44], [42, 33, 43, 34], [38, 41, 39, 42], [46, 39, 47, 40], [40, 47, 41, 48], [44, 50, 45, 49], [50, 46, 51, 45], [48, 52, 49, 51], [55, 4, 0, 5], [5, 10, 6, 11], [3, 7, 4, 6], [7, 3, 8, 2], [1, 9, 2, 8], [9, 1, 10, 0]]
[[11, 29, 12, 28], [29, 17, 30, 16], [17, 31, 18, 30], [23, 12, 24, 13], [13, 24, 14, 25], [21, 15, 22, 14], [15, 21, 16, 20], [27, 18, 28, 19], [19, 26, 20, 27], [25, 22, 26, 23], [31, 34, 32, 35], [39, 32, 40, 33], [33, 40, 34, 41], [35, 44, 36, 45], [49, 37, 50, 36], [37, 49, 38, 48], [43, 38, 44, 39], [41, 53, 42, 52], [51, 43, 52, 42], [54, 46, 55, 45], [46, 54, 47, 53], [47, 50, 48, 51], [55, 4, 0, 5], [5, 10, 6, 11], [3, 7, 4, 6], [7, 3, 8, 2], [1, 9, 2, 8], [9, 1, 10, 0]]
[[11, 29, 12, 28], [29, 17, 30, 16], [17, 31, 18, 30], [23, 12, 24, 13], [13, 24, 14, 25], [21, 15, 22, 14], [15, 21, 16, 20], [27, 18, 28, 19], [19, 26, 20, 27], [25, 22, 26, 23], [31, 53, 32, 52], [53, 37, 54, 36], [37, 55, 38, 54], [41, 33, 42, 32], [33, 46, 34, 47], [45, 34, 46, 35], [35, 41, 36, 40], [49, 38, 50, 39], [39, 48, 40, 49], [42, 51, 43, 52], [50, 43, 51, 44], [47, 45, 48, 44], [55, 4, 0, 5], [5, 10, 6, 11], [3, 7, 4, 6], [7, 3, 8, 2], [1, 9, 2, 8], [9, 1, 10, 0]]
