ribbon_control = PD[X[7,12,8,1],X[1,6,2,7],X[11,3,12,2],X[3,11,4,10],X[9,5,10,4],X[5,9,6,8]]
trefoil_control = PD[X[6,3,1,4],X[4,1,5,2],X[2,5,3,6]]
C0 = PD[X[12,6,1,5],X[6,12,7,11],X[2,9,3,10],X[8,3,9,4],X[4,7,5,8],X[10,1,11,2]]
C1 = PD[X[7,12,8,1],X[1,6,2,7],X[11,3,12,2],X[3,11,4,10],X[9,5,10,4],X[5,9,6,8]]
C2 = PD[X[14,4,1,3],X[2,14,3,13],X[6,9,7,10],X[8,11,9,12],X[12,6,13,5],X[10,7,11,8],X[4,2,5,1]]
C3 = PD[X[3,7,4,6],X[7,5,8,4],X[5,9,6,8],X[11,16,12,17],X[2,15,3,16],X[10,14,11,13],X[17,12,18,13],X[9,1,10,18],X[14,1,15,2]]
C4 = PD[X[21,5,22,4],X[5,23,6,22],X[12,19,13,20],X[23,21,24,20],X[6,13,7,14],X[18,11,19,12],X[2,8,3,7],X[15,8,16,9],X[3,15,4,14],X[10,17,11,18],X[9,1,10,24],X[16,2,17,1]]
C5 = PD[X[20,14,21,13],X[12,20,13,19],X[6,21,7,22],X[5,19,6,18],X[23,17,24,16],X[17,23,18,22],X[11,4,12,5],X[24,7,1,8],X[14,10,15,9],X[3,10,4,11],X[15,3,16,2],X[8,1,9,2]]
C6 = PD[X[4,22,5,21],X[20,4,21,3],X[14,7,15,8],X[2,6,3,5],X[19,12,20,13],X[8,15,9,16],X[11,18,12,19],X[17,10,18,11],X[22,10,23,9],X[23,17,24,16],X[13,1,14,24],X[6,2,7,1]]
C7 = PD[X[25,3,26,2],X[23,9,24,8],X[26,6,1,5],X[9,23,10,22],X[6,3,7,4],X[7,25,8,24],X[10,18,11,17],X[16,12,17,11],X[12,21,13,22],X[20,13,21,14],X[14,19,15,20],X[18,15,19,16],X[4,2,5,1]]
C8 = PD[X[26,18,1,17],X[24,20,25,19],X[20,24,21,23],X[21,14,22,15],X[15,22,16,23],X[18,26,19,25],X[13,7,14,6],X[7,13,8,12],X[11,2,12,3],X[3,10,4,11],X[9,4,10,5],X[5,8,6,9],X[16,2,17,1]]
C9 = PD[X[20,26,21,25],X[24,22,25,21],X[22,3,23,4],X[26,20,1,19],X[5,13,6,12],X[11,7,12,6],X[7,16,8,17],X[15,8,16,9],X[9,14,10,15],X[13,10,14,11],X[2,23,3,24],X[17,4,18,5],X[18,2,19,1]]
C10 = PD[X[12,22,13,21],X[22,14,23,13],X[3,10,4,11],X[24,18,25,17],X[5,17,6,16],X[14,12,15,11],X[23,4,24,5],X[9,2,10,3],X[6,25,7,26],X[26,7,1,8],X[20,15,21,16],X[19,9,20,8],X[18,2,19,1]]
C11 = PD[X[21,3,22,2],X[3,23,4,22],X[10,19,11,20],X[8,28,9,27],X[15,27,16,26],X[17,25,18,24],X[23,21,24,20],X[5,12,6,13],X[18,9,19,10],X[13,6,14,7],X[7,14,8,15],X[25,17,26,16],X[28,12,1,11],X[1,5,2,4]]
C12 = PD[X[23,15,24,14],X[13,23,14,22],X[7,26,8,27],X[6,20,7,19],X[2,18,3,17],X[25,21,26,20],X[21,25,22,24],X[11,4,12,5],X[27,8,28,9],X[15,13,16,12],X[3,10,4,11],X[16,6,17,5],X[9,28,10,1],X[18,2,19,1]]
C13 = PD[X[7,27,8,26],X[25,7,26,6],X[18,9,19,10],X[19,5,20,4],X[14,2,15,1],X[10,4,11,3],X[5,9,6,8],X[24,17,25,18],X[11,20,12,21],X[28,24,1,23],X[15,22,16,23],X[27,17,28,16],X[21,12,22,13],X[2,14,3,13]]
C14 = PD[X[7,27,8,26],X[25,7,26,6],X[19,8,20,9],X[18,6,19,5],X[10,4,11,3],X[4,10,5,9],X[24,17,25,18],X[11,20,12,21],X[28,24,1,23],X[15,22,16,23],X[27,17,28,16],X[21,12,22,13],X[2,14,3,13],X[14,2,15,1]]
C15 = PD[X[16,26,17,25],X[26,18,27,17],X[5,14,6,15],X[2,22,3,21],X[9,23,10,22],X[12,20,13,19],X[18,16,19,15],X[27,6,28,7],X[13,4,14,5],X[7,28,8,1],X[3,10,4,11],X[20,12,21,11],X[23,9,24,8],X[24,2,25,1]]
C16 = PD[X[3,13,4,12],X[5,11,6,10],X[9,7,10,6],X[8,15,9,16],X[14,7,15,8],X[11,5,12,4],X[17,25,18,24],X[23,19,24,18],X[19,28,20,1],X[27,20,28,21],X[21,26,22,27],X[25,22,26,23],X[13,3,14,2],X[16,2,17,1]]
C17 = PD[X[22,30,23,29],X[24,28,25,27],X[25,2,26,3],X[30,22,1,21],X[28,24,29,23],X[3,10,4,11],X[11,4,12,5],X[5,12,6,13],X[17,7,18,6],X[7,15,8,14],X[15,9,16,8],X[9,17,10,16],X[13,18,14,19],X[26,20,27,19],X[20,2,21,1]]
inconsistent_HFK_component = PD[X[34,24,35,23],X[32,26,33,25],X[26,32,27,31],X[27,20,28,21],X[22,38,23,37],X[21,28,22,29],X[24,34,25,33],X[17,10,18,11],X[9,16,10,17],X[15,8,16,9],X[3,15,4,14],X[13,7,14,6],X[5,13,6,12],X[11,5,12,4],X[7,2,8,3],X[35,31,36,30],X[29,37,30,36],X[38,20,1,19],X[18,1,19,2]]
